16 13 6 2 3 12 18 10 8 7 5 11 14 1 17 4 9 15

13
6
2
3
12
18
10
8
7
5
11
14
1
17
4
9
15
16


6
2
3
12
18
10
8
7
5
11
14
1
17
4
9
15
16
13


2 6
3
12
18
10
8
7
5
11
14
1
17
4
9
15
16
13


3 2
12 6
18
10
8
7
5
11
14
1
17
4
9
15
16
13


12 3
18 2
10 6
8
7
5
11
14
1
17
4
9
15
16
13


18 3
10 2
8 6
7
5
11
14
1
17
4
9
15
16
13
12


10 3
8 2
7 6
5
11
14
1
17
4
9
15
16
13
12
18


8 3
7 2
5 6
11
14
1
17
4
9
15
16
13
12
18
10


7 8
5 3
11 2
14 6
1
17
4
9
15
16
13
12
18
10


5 7
11 8
14 3
1 2
17 6
4
9
15
16
13
12
18
10


11 5
14 7
1 8
17 3
4 2
9 6
15
16
13
12
18
10


14 5
1 7
17 8
4 3
9 2
15 6
16
13
12
18
10
11


1 5
17 7
4 8
9 3
15 2
16 6
13
12
18
10
11
14


17 1
4 5
9 7
15 8
16 3
13 2
12 6
18
10
11
14


4 1
9 5
15 7
16 8
13 3
12 2
18 6
10
11
14
17


9 4
15 1
16 5
13 7
12 8
18 3
10 2
11 6
14
17


15 9
16 4
13 1
12 5
18 7
10 8
11 3
14 2
17 6


9 4
15 1
16 5
13 7
12 8
18 3
10 2
11 6
14
17


9 1
15 5
16 7
13 8
12 3
18 2
10 6
11 4
14
17


1 5
9 7
15 8
16 3
13 2
12 6
18 4
10
11
14
17


9 5
15 7
16 8
13 3
12 2
18 6
10 4
11
14
17
1


9 7
15 8
16 3
13 2
12 6
18 4
10 5
11
14
17
1


9 8
15 3
16 2
13 6
12 4
18 5
10 7
11
14
17
1


8 3
9 2
15 6
16 4
13 5
12 7
18
10
11
14
17
1


8 2
9 6
15 4
16 5
13 7
12 3
18
10
11
14
17
1


2 6
8 4
9 5
15 7
16 3
13
12
18
10
11
14
17
1


8 6
9 4
15 5
16 7
13 3
12
18
10
11
14
17
1
2


8 3
9 6
15 4
16 5
13 7
12
18
10
11
14
17
1
2


3 6
8 4
9 5
15 7
16
13
12
18
10
11
14
17
1
2


8 6
9 4
15 5
16 7
13
12
18
10
11
14
17
1
2
3


8 4
9 5
15 7
16 6
13
12
18
10
11
14
17
1
2
3


4 5
8 7
9 6
15
16
13
12
18
10
11
14
17
1
2
3


8 5
9 7
15 6
16
13
12
18
10
11
14
17
1
2
3
4


5 7
8 6
9
15
16
13
12
18
10
11
14
17
1
2
3
4


8 7
9 6
15
16
13
12
18
10
11
14
17
1
2
3
4
5


7 6
8
9
15
16
13
12
18
10
11
14
17
1
2
3
4
5


6
7
8
9
15
16
13
12
18
10
11
14
17
1
2
3
4
5


7
8
9
15
16
13
12
18
10
11
14
17
1
2
3
4
5
6


8
9
15
16
13
12
18
10
11
14
17
1
2
3
4
5
6
7


9
15
16
13
12
18
10
11
14
17
1
2
3
4
5
6
7
8


15
16
13
12
18
10
11
14
17
1
2
3
4
5
6
7
8
9


16
13
12
18
10
11
14
17
1
2
3
4
5
6
7
8
9
15


13
12
18
10
11
14
17
1
2
3
4
5
6
7
8
9
15
16


12 13
18
10
11
14
17
1
2
3
4
5
6
7
8
9
15
16


18 12
10 13
11
14
17
1
2
3
4
5
6
7
8
9
15
16


10 12
11 13
14
17
1
2
3
4
5
6
7
8
9
15
16
18


11 10
14 12
17 13
1
2
3
4
5
6
7
8
9
15
16
18


14 11
17 10
1 12
2 13
3
4
5
6
7
8
9
15
16
18


17 14
1 11
2 10
3 12
4 13
5
6
7
8
9
15
16
18


1 14
2 11
3 10
4 12
5 13
6
7
8
9
15
16
18
17


2 14
3 11
4 10
5 12
6 13
7
8
9
15
16
18
17
1


3 14
4 11
5 10
6 12
7 13
8
9
15
16
18
17
1
2


4 14
5 11
6 10
7 12
8 13
9
15
16
18
17
1
2
3


5 14
6 11
7 10
8 12
9 13
15
16
18
17
1
2
3
4


6 14
7 11
8 10
9 12
15 13
16
18
17
1
2
3
4
5


7 14
8 11
9 10
15 12
16 13
18
17
1
2
3
4
5
6


8 14
9 11
15 10
16 12
18 13
17
1
2
3
4
5
6
7


9 14
15 11
16 10
18 12
17 13
1
2
3
4
5
6
7
8


15 14
16 11
18 10
17 12
1 13
2
3
4
5
6
7
8
9


14 11
15 10
16 12
18 13
17
1
2
3
4
5
6
7
8
9


14 10
15 12
16 13
18 11
17
1
2
3
4
5
6
7
8
9


10 12
14 13
15 11
16
18
17
1
2
3
4
5
6
7
8
9


14 12
15 13
16 11
18
17
1
2
3
4
5
6
7
8
9
10


14 11
15 12
16 13
18
17
1
2
3
4
5
6
7
8
9
10


11 12
14 13
15
16
18
17
1
2
3
4
5
6
7
8
9
10


14 12
15 13
16
18
17
1
2
3
4
5
6
7
8
9
10
11


12 13
14
15
16
18
17
1
2
3
4
5
6
7
8
9
10
11


14 13
15
16
18
17
1
2
3
4
5
6
7
8
9
10
11
12


13
14
15
16
18
17
1
2
3
4
5
6
7
8
9
10
11
12


14
15
16
18
17
1
2
3
4
5
6
7
8
9
10
11
12
13


15
16
18
17
1
2
3
4
5
6
7
8
9
10
11
12
13
14


16
18
17
1
2
3
4
5
6
7
8
9
10
11
12
13
14
15


18
17
1
2
3
4
5
6
7
8
9
10
11
12
13
14
15
16


17
18
1
2
3
4
5
6
7
8
9
10
11
12
13
14
15
16


18
1
2
3
4
5
6
7
8
9
10
11
12
13
14
15
16
17


1
2
3
4
5
6
7
8
9
10
11
12
13
14
15
16
17
18


ra
ra
pb
pb
pb
ra
ra
ra
pb
pb
pb
ra
ra
pb
ra
pb
pb
pa
rb
pa
ra
rb
rb
pa
rb
pa
ra
rrb
pa
ra
rb
pa
ra
pa
ra
pa
pa
ra
ra
ra
ra
ra
ra
pb
pb
ra
pb
pb
pb
ra
ra
ra
ra
ra
ra
ra
ra
ra
ra
pa
rb
pa
ra
rrb
pa
ra
pa
ra
pa
ra
ra
ra
ra
sa
ra
ra
16 13 6 2 3 12 18 10 8 7 5 11 14 1 17 4 9 15
